
77
Coordinates from ORCA-job C50-Pd3Ni3-M2
C       -0.000184908      0.079775885     -0.057441706
C       -0.050645955      0.073608536      1.381160880
C        1.196732455      0.026783262      2.103195204
C        2.439105428     -0.008524510      1.409364498
C        2.456354111      0.001344757     -0.026727734
C        1.198499999      0.043362625     -0.729541066
C        3.657501550     -0.085235420      2.177136198
N        3.605535381     -0.179375457      3.523000474
C        2.464565094     -0.040757632      4.206257048
C        1.195132877      0.030940687      3.524912651
N        4.892163976      0.237388521      5.751381457
C        3.729857236      0.099852731      6.397729224
C        2.481863628      0.029759925      5.657201784
C        6.083672251      0.142960852      6.379274587
C        6.139315458      0.066370530      7.818273082
C        4.917018876      0.031880182      8.547089309
C        3.685006665      0.028531257      7.837779429
C        7.391649955      0.055703047      8.521277513
C        7.371278678      0.012819874      9.962022799
C        6.189661479     -0.023027190     10.663657827
C        4.918546164     -0.015207040      9.988298073
C        3.686745721     -0.052449615     10.666680682
C        2.452741838     -0.042415264      9.979005388
C        2.448834453     -0.008751926      8.539814066
C        1.223066223      0.013118496      7.810508250
C        1.241569781      0.030351118      6.373290384
C       -0.012252028      0.048054874      5.670784548
C       -0.030937938      0.069135605      4.244512046
C       -1.275301489      0.102720333      3.521352395
C       -1.253936051      0.111587782      2.108897135
C       -2.497898065      0.115805674      4.275433601
C       -2.485531123      0.092816525      5.650888232
C       -1.254306509      0.056868047      6.394567381
C       -1.235595003      0.031554405      7.803688954
C       -0.024608386      0.005490167      8.524534871
C        0.003564682     -0.030377877      9.962628801
C        1.188634058     -0.054545589     10.660957906
C        8.576569558      0.094575124      7.773810589
C        8.567261251      0.117690734      6.356851965
C        7.330123178      0.130860840      5.629956631
C        7.384318551      0.079535512      4.174008980
N        6.242561501      0.028653172      3.485846280
C        6.217263127     -0.021929914      2.152949694
C        4.929427372     -0.073506079      1.471918548
C        4.918659338     -0.060538506      0.037197601
C        3.696115875     -0.037735643     -0.679336498
C        9.821689809      0.115229858      5.642927835
C        9.876616255      0.099288091      4.272574551
C        8.668033726      0.070721758      3.499735392
C        8.654369902      0.029143055      2.093213076
C        7.443126672     -0.012791576      1.378071954
C        7.378646752     -0.041420701     -0.054965241
C        6.164162360     -0.057855630     -0.692245916
H        6.113710835     -0.065313386     -1.792518396
H        8.317370158     -0.039395450     -0.631145023
H        9.609456283      0.029582366      1.542518104
H       10.845758872      0.097667923      3.748442971
H       10.749517191      0.122544070      6.235803957
H       -3.453474857      0.141959294      3.728866668
H        8.333889370      0.013780604     10.496386737
H       -3.453474857      0.141959294      3.728866668
H        8.333889370      0.013780604     10.496386737
H        6.198417102     -0.056910113     11.764629189
H       -0.949175461      0.112338060     -0.614453932
H       -2.210480427      0.145075578      1.563411780
H        3.681752582     -0.085944370     11.768491944
H        1.184457075     -0.080898849     11.762160656
H       -0.957108805     -0.038937809     10.500178367
H       -2.189871454      0.032237423      8.353516155
H       -3.432124231      0.102458915      6.213391185
H        1.217189841      0.040768237     -1.830959669
H        3.728514622     -0.034644997     -1.780900041
H        9.546406971      0.091606228      8.295651679
Pd       2.545898160     -2.728168603      2.497554236
Ni       3.701749658     -2.661791001      4.690330579
Ni       4.980598684     -2.425802602      2.857289618
Ni       3.526425437     -0.746648674      3.436908594
Pd       5.979507935     -3.603534200      4.780425331
Pd       5.554521436     -0.966916141      4.823065088

